,Size_(sqft),Staff_Size,Revenue_Needed,Visitors_Needed
0,1000,2,33550.54045681209,2300.71
1,1000,3,33940.42117919282,2326.56
2,1000,4,35080.18347435251,2406.4
3,1000,5,35700.35255702509,2447.6
4,2000,2,36655.02570273293,2513.44
5,2000,3,36830.57804879841,2525.45
6,2000,4,37295.80203657855,2558.43
7,2000,5,38123.66595379573,2614.91
8,3000,2,38754.33978871956,2656.99
9,3000,3,39327.944928108,2698.15
10,3000,4,40520.68740836043,2779.27
11,3000,5,40476.16328556429,2776.8
12,4000,2,41633.31436016012,2853.71
13,4000,3,41943.14804814796,2875.0
14,4000,4,42860.57049903921,2937.98
15,4000,5,42961.06108384839,2945.59
16,5000,2,44010.82276881104,3016.78
17,5000,3,44970.14558430704,3083.47
18,5000,4,45557.49803824331,3124.32
19,5000,5,45785.19414034376,3140.91
