,Size_(sqft),Staff_Size,Revenue_Needed,Visitors_Needed
0,1000,2,14389.11929004447,984.0
1,1000,3,14906.959999466693,1017.0
2,1000,4,15506.178022548178,1066.0
3,1000,5,16008.760485659292,1096.0
4,2000,2,17123.921792888927,1185.0
5,2000,3,17529.868696029665,1196.0
6,2000,4,18103.656308592632,1240.0
7,2000,5,18682.5300032593,1285.0
8,3000,2,19650.194929481528,1345.0
9,3000,3,20259.585116770417,1396.0
10,3000,4,20731.651087259306,1420.0
11,3000,5,21310.524781925975,1465.0
12,4000,2,22303.62011866672,1530.0
13,4000,3,22872.32164912598,1573.0
14,4000,4,23379.990194340797,1604.0
15,4000,5,23938.519560592653,1645.0
16,5000,2,24951.95922574821,1714.0
17,5000,3,25459.627770963016,1745.0
18,5000,4,25957.12415197042,1774.0
19,5000,5,26485.137025600037,1809.0
