,Size_(sqft),Staff_Size,Revenue_Needed,Visitors_Needed
0,1000,2,39973.33873692518,2741.13
1,1000,3,40840.64844672664,2800.93
2,1000,4,41055.00718908428,2814.6
3,1000,5,41439.55431333791,2840.96
4,2000,2,42694.772003352104,2926.34
5,2000,3,43441.50680857521,2979.02
6,2000,4,43705.27728716068,2995.08
7,2000,5,44015.91170651445,3017.97
8,3000,2,45278.908601787916,3105.85
9,3000,3,46638.73680044775,3195.72
10,3000,4,46749.04148788657,3204.58
11,3000,5,47328.57606569722,3244.99
12,4000,2,47907.176406920626,3283.98
13,4000,3,48723.79325103913,3342.98
14,4000,4,49187.90151789601,3374.0
15,4000,5,49935.38734472325,3424.02
16,5000,2,50745.69201004857,3478.65
17,5000,3,51341.10072631938,3520.99
18,5000,4,52044.63379189034,3566.61
19,5000,5,52179.019633093885,3577.83
