,Size_(sqft),Staff_Size,Revenue_Needed,Visitors_Needed
0,1000,2,13278.42772322964,602.0
1,1000,3,13777.20231481483,625.0
2,1000,4,14295.382287911129,651.0
3,1000,5,14807.093800503722,676.0
4,2000,2,15760.674523170394,721.0
5,2000,3,16240.04373324447,741.0
6,2000,4,16712.94448281484,760.0
7,2000,5,17256.99829792596,790.0
8,3000,2,18107.083652533365,819.0
9,3000,3,18644.66900714078,848.0
10,3000,4,19149.912059229668,872.0
11,3000,5,19622.81280880004,891.0
12,4000,2,20544.051228948192,931.0
13,4000,3,21055.762741540788,956.0
14,4000,4,21580.41117514079,983.0
15,4000,5,22111.528069244498,1011.0
16,5000,2,23045.703410400056,1053.0
17,5000,3,23544.478001985244,1076.0
18,5000,4,24075.59489608895,1104.0
19,5000,5,24516.153343140802,1118.0
