,Size_(sqft),Staff_Size,Revenue_Needed,Visitors_Needed
0,1000,2,12815.231100918509,437.0
1,1000,3,13282.993684474062,452.0
2,1000,4,13790.010462548134,472.0
3,1000,5,14249.922207199985,486.0
4,2000,2,15179.350729925907,520.0
5,2000,3,15670.66583019257,538.0
6,2000,4,16130.577574844421,552.0
7,2000,5,16574.787641688865,564.0
8,3000,2,17488.514486607382,596.0
9,3000,3,17987.680425777748,615.0
10,3000,4,18447.592170429598,629.0
11,3000,5,18923.20559288886,645.0
12,4000,2,19829.08159890367,676.0
13,4000,3,20296.844182459223,691.0
14,4000,4,20764.606766014775,706.0
15,4000,5,21255.921866281442,724.0
16,5000,2,22169.648711199956,756.0
17,5000,3,22637.411294755508,771.0
18,5000,4,23097.323039407358,785.0
19,5000,5,23604.339817481432,805.0
